1 0 0
0.9 0.28 0
0.838 0.5292 0.00252
0.80712 0.758527 0.0068875
0.802261 0.97688 0.0128261
0.819723 1.19164 0.0203211
0.856914 1.40908 0.0295474
0.912131 1.63467 0.0408341
0.984385 1.87335 0.0546555
1.07328 2.12971 0.071639
1.17892 2.40816 0.0925864
1.30185 2.71308 0.118508
1.44297 3.04893 0.150668
1.60357 3.4203 0.190645
1.78524 3.83204 0.240408
1.98992 4.28929 0.302408
2.21986 4.79756 0.379697
2.47763 5.36271 0.476071
2.76614 5.99103 0.596244
3.08862 6.68914 0.746064
3.44868 7.46402 0.932771
3.85021 8.32284 1.16531
4.29747 9.27281 1.45468
4.79501 10.3209 1.81438
5.34759 11.4732 2.26089
5.96016 12.7349 2.81414
6.63764 14.1087 3.49812
7.38474 15.594 4.34132
8.20567 17.1852 5.37712
9.10361 18.8697 6.64389
10.0802 20.6251 8.18454
11.1347 22.4163 10.0453
12.2629 24.1914 12.2735
13.4557 25.878 14.9127
14.698 27.3802 17.9971
15.9662 28.5766 21.5415
17.2272 29.322 25.5297
18.4367 29.4544 29.9003
19.5385 28.8095 34.5333
20.4656 27.2449 39.2414
21.1435 24.6718 43.7707
21.4963 21.0906 47.82
21.4558 16.6191 51.0785
20.9721 11.5013 53.2822
20.025 6.08405 54.2734
18.6309 0.761968 54.0444
16.844 -4.09796 52.7452
14.7498 -8.22507 50.6484
12.4523 -11.4834 48.0846
10.0588 -13.8696 45.3724
7.66592 -15.4783 42.7673
5.3515 -16.4556 40.4403
3.17079 -16.9568 38.4813
1.15803 -17.1196 36.9175
-0.669727 -17.0516 35.7347
-2.30792 -16.8293 34.896
-3.76006 -16.5019 34.3539
-5.03424 -16.0979 34.0582
-6.14061 -15.632 33.9604
-7.08974 -15.1096 34.0147
-7.89173 -14.5321 34.1789
-8.55577 -13.8992 34.4143
-9.09011 -13.2114 34.6858
-9.50224 -12.4715 34.9617
-9.79917 -11.6853 35.2145
-9.98778 -10.8615 35.4205
-10.0752 -10.0117 35.5608
-10.0688 -9.14985 35.6212
-9.97691 -8.29099 35.5926
-9.80832 -7.45058 35.4706
-9.57255 -6.64333 35.2555
-9.27962 -5.88236 34.9513
-8.9399 -5.17848 34.5651
-8.56376 -4.53978 34.1063
-8.16136 -3.97145 33.5856
-7.74237 -3.47587 33.0141
-7.31572 -3.0529 32.4029
-6.88944 -2.70027 31.7621
-6.47052 -2.41408 31.1012
-6.06488 -2.18928 30.428
-5.67732 -2.02013 29.7494
-5.3116 -1.90061 29.0707
-4.9705 -1.82473 28.3965
-4.65592 -1.78678 27.7299
-4.36901 -1.78148 27.0737
-4.11025 -1.80414 26.4295
-3.87964 -1.85065 25.7989
-3.67674 -1.91754 25.1827
-3.50082 -2.00195 24.5817
-3.35093 -2.10159 23.9963
-3.226 -2.21474 23.4268
-3.12487 -2.34013 22.8735
-3.0464 -2.47692 22.3367
-2.98945 -2.62468 21.8165
-2.95297 -2.78328 21.3132
-2.93601 -2.95291 20.827
-2.9377 -3.13398 20.3583
-2.95732 -3.32713 19.9075
-2.99431 -3.53318 19.475
-3.04819 -3.75311 19.0615
-3.11869 -3.98804 18.6676
-3.20562 -4.23921 18.2942
-3.30898 -4.50795 17.9422
-3.42888 -4.79568 17.6129
-3.56556 -5.10389 17.3077
-3.71939 -5.43409 17.0281
-3.89086 -5.78783 16.7762
-4.08056 -6.16666 16.554
-4.28917 -6.57205 16.3642
-4.51746 -7.00541 16.2097
-4.76625 -7.46798 16.0939
-5.03643 -7.96078 16.0207
-5.32886 -8.4845 15.9944
-5.64442 -9.03941 16.02
-5.98392 -9.62522 16.103
-6.34805 -10.2409 16.2496
-6.73734 -10.8844 16.4664
-7.15204 -11.5526 16.7606
-7.5921 -12.2409 17.1399
-8.05698 -12.943 17.6121
-8.54559 -13.6505 18.1853
-9.05608 -14.3528 18.8669
-9.58575 -15.0363 19.6636
-10.1308 -15.6851 20.5806
-10.6862 -16.2799 21.6208
-11.2456 -16.7988 22.7839
-11.8009 -17.2174 24.0655
-12.3426 -17.5095 25.4555
-12.8593 -17.6485 26.9378
-13.3382 -17.6086 28.489
-13.7652 -17.3673 30.0779
-14.1254 -16.9076 31.6665
-14.4036 -16.2206 33.2103
-14.5853 -15.3079 34.6611
-14.6576 -14.1833 35.9695
-14.6102 -12.8733 37.0892
-14.4365 -11.4166 37.981
-14.1345 -9.86157 38.6163
-13.7072 -8.26239 38.9804
-13.1627 -6.67466 39.0735
-12.5139 -5.15034 38.9101
-11.7776 -3.73355 38.517
-10.9732 -2.45757 37.9296
-10.1216 -1.3434 37.1878
-9.24378 -0.400013 36.3321
-8.3594 0.37419 35.4002
-7.48604 0.989064 34.425
-6.63853 1.46015 33.4329
-5.82866 1.80621 32.4444
-5.06518 2.0472 31.474
-4.35394 2.20269 30.531
-3.69827 2.29086 29.6209
-3.09936 2.3279 28.7463
-2.55663 2.32775 27.9076
-2.0682 2.30211 27.1039
-1.63116 2.26056 26.3335
-1.24199 2.21077 25.5944
-0.896717 2.15878 24.8844
-0.591167 2.10926 24.2015
-0.321124 2.06571 23.5436
-0.0824408 2.03074 22.9092
0.128877 2.00624 22.2966
0.316613 1.99353 21.7046
0.484305 1.99352 21.1321
0.635226 2.00685 20.5782
0.772389 2.03393 20.0422
0.898542 2.07505 19.5235
1.01619 2.13047 19.0215
1.12762 2.2004 18.5359
1.2349 2.28511 18.0664
1.33992 2.38493 17.6129
1.44442 2.50026 17.1752
1.55001 2.63162 16.7533
1.65817 2.77962 16.3473
1.77031 2.94505 15.9575
1.88779 3.12879 15.5841
2.01189 3.33189 15.2276
2.14389 3.55554 14.8885
2.28505 3.80107 14.5677
2.43665 4.07 14.2661
2.59999 4.36395 13.9849
2.77638 4.6847 13.7254
2.96722 5.03417 13.4894
3.17391 5.41439 13.2791
3.39796 5.82747 13.0968
3.64091 6.2756 12.9456
3.90438 6.76096 12.8289
4.19004 7.28569 12.7507
4.4996 7.85178 12.716
4.83482 8.46098 12.7302
5.19744 9.11464 12.7998
5.58916 9.81351 12.9322
6.01159 10.5575 13.1358
6.46619 11.3455 13.4202
6.95412 12.1748 13.796
7.47619 13.0409 14.2747
8.03266 13.9366 14.869
8.62305 14.852 15.592
9.24594 15.7734 16.4569
9.89869 16.6829 17.4765
10.5771 17.5578 18.6618
11.2752 18.3699 20.0213
11.9847 19.0858 21.5586
12.6948 19.667 23.2711
13.392 20.0706 25.1472
14.0599 20.252 27.1645
14.6791 20.1669 29.2875
15.2279 19.7763 31.4668
15.6827 19.0506 33.6392
16.0195 17.9757 35.7298
16.2151 16.5577 37.6566
16.2494 14.8263 39.3373
16.107 12.8358 40.6974
15.7799 10.6622 41.6796
15.2681 8.39696 42.2507
14.581 6.13718 42.406
13.7366 3.97526 42.1701
12.7605 1.98901 41.5916
11.6834 0.234763 40.7363
10.5385 -1.25561 39.6774
9.35909 -2.47368 38.4871
8.17581 -3.43044 37.2292
7.01518 -4.1507 35.956
5.8986 -4.66732 34.706
4.842 -5.0162 33.5052
3.85618 -5.2326 32.3688
2.94731 -5.34875 31.3039
2.1177 -5.39263 30.3115
1.36667 -5.38766 29.3889
0.691235 -5.35276 28.5316
0.0868352 -5.30291 27.7338
-0.452139 -5.24965 26.9896
-0.93189 -5.20172 26.2936
-1.35887 -5.1656 25.6409
-1.73955 -5.14601 25.0274
-2.08019 -5.14626 24.4495
-2.3868 -5.16865 23.9045
-2.66498 -5.21472 23.3905
-2.91996 -5.28541 22.9057
-3.1565 -5.38131 22.4492
-3.37898 -5.50271 22.0204
-3.59136 -5.64973 21.6191
-3.79719 -5.82239 21.2455
-3.99971 -6.02065 20.9001
-4.20181 -6.24442 20.5835
-4.40607 -6.4936 20.297
-4.61482 -6.76806 20.0419
-4.83015 -7.06764 19.8198
-5.05389 -7.39208 19.6326
-5.28771 -7.74103 19.4827
-5.53304 -8.114 19.3725
-5.79114 -8.51022 19.3048
-6.06305 -8.92867 19.2828
-6.34961 -9.36791 19.31
-6.65144 -9.82601 19.3899
-6.9689 -10.3004 19.5264
-7.30205 -10.788 19.7235
-7.65064 -11.2844 19.9853
-8.01402 -11.7848 20.3157
-8.3911 -12.2827 20.7184
-8.78026 -12.7709 21.1965
-9.17933 -13.2406 21.7526
-9.58545 -13.6816 22.3879
-9.99507 -14.0828 23.1024
-10.4038 -14.4315 23.8939
-10.8066 -14.7143 24.7582
-11.1974 -14.9175 25.6881
-11.5694 -15.0272 26.6734
-11.9152 -15.0304 27.7007
-12.2267 -14.9158 28.7529
-12.4956 -14.6746 29.8099
-12.7135 -14.3017 30.8486
-12.8723 -13.7965 31.8442
-12.9647 -13.1637 32.771
-12.9846 -12.4135 33.6037
-12.9275 -11.5618 34.3195
-12.791 -10.6292 34.8989
-12.5748 -9.64046 35.3279
-12.2813 -8.62259 35.5981
-11.9155 -7.60322 35.7078
-11.4842 -6.60878 35.6615
-10.9967 -5.66282 35.4695
-10.4633 -4.78479 35.1464
-9.89546 -3.9892 34.7098
-9.30483 -3.28534 34.1789
-8.70288 -2.67755 33.5732
-8.10035 -2.16575 32.9109
-7.50689 -1.74629 32.2087
-6.93083 -1.41288 31.4809
-6.37903 -1.15749 30.7394
-5.85688 -0.971172 29.9935
-5.36831 -0.844704 29.2505
-4.91595 -0.769124 28.5159
-4.50127 -0.736073 27.7933
-4.12475 -0.738018 27.0852
-3.78607 -0.76837 26.3934
-3.4843 -0.821513 25.7187
-3.21802 -0.892786 25.0615
-2.9855 -0.978421 24.4219
-2.78479 -1.07546 23.7999
-2.61386 -1.18167 23.1951
-2.47064 -1.29545 22.6075
-2.35312 -1.41572 22.0366
-2.25938 -1.54189 21.4823
-2.18763 -1.67373 20.9443
-2.13624 -1.81135 20.4224
-2.10375 -1.95511 19.9165
-2.08889 -2.10562 19.4265
-2.09056 -2.26365 18.9524
-2.10787 -2.43016 18.4944
-2.1401 -2.60623 18.0524
-2.18671 -2.79305 17.6268
-2.24735 -2.99195 17.2178
-2.32181 -3.20435 16.8259
-2.41006 -3.43174 16.4516
-2.51223 -3.67575 16.0956
-2.62858 -3.93806 15.7587
-2.75953 -4.22045 15.442
-2.90562 -4.52478 15.1467
-3.06754 -4.85301 14.8743
-3.24608 -5.20711 14.6265
-3.44219 -5.58916 14.4055
-3.65688 -6.00121 14.2137
-3.89132 -6.44535 14.0541
-4.14672 -6.92357 13.9302
-4.42441 -7.43777 13.8458
-4.72574 -7.98964 13.8057
-5.05213 -8.58053 13.8151
-5.40497 -9.21136 13.8802
-5.78561 -9.88242 14.0079
-6.19529 -10.5931 14.2061
-6.63508 -11.3418 14.4836
-7.10574 -12.1252 14.8499
-7.60769 -12.9383 15.3155
-8.14075 -13.774 15.8914
-8.70407 -14.6219 16.5889
-9.29586 -15.469 17.4192
-9.91317 -16.2978 18.3927
-10.5516 -17.0873 19.5178
-11.2052 -17.8114 20.8004
-11.8658 -18.44 22.2415
-12.5232 -18.9389 23.8364
-13.1648 -19.2709 25.5726
-13.7754 -19.3978 27.4276
-14.3377 -19.2827 29.3683
-14.8322 -18.8936 31.3499
-15.2383 -18.2079 33.3162
-15.5353 -17.2157 35.2023
-15.7033 -15.9246 36.9381
-15.7254 -14.3618 38.4538
-15.5891 -12.5743 39.6868
-15.2876 -10.6267 40.5887
-14.8215 -8.5959 41.1309
-14.1989 -6.56375 41.3081
-13.4354 -4.6085 41.1385
-12.5527 -2.7972 40.6607
-11.5772 -1.17996 39.9275
-10.5375 0.212708 38.9994
-9.46244 1.36964 37.937
-8.37923 2.29622 36.7957
-7.31168 3.01028 35.6221
-6.27949 3.53748 34.4521
-5.29779 3.90726 33.3112
-4.37729 4.14957 32.2159
-3.5246 4.29262 31.1752
-2.74288 4.3616 30.1926
-2.03243 4.37813 29.2678
-1.39138 4.36011 28.3983
-0.816226 4.32205 27.5804
-0.302398 4.27541 26.8096
0.155382 4.22905 26.0818
0.56275 4.18974 25.3928
0.925449 4.16252 24.7393
1.24916 4.15107 24.1181
1.53935 4.15805 23.5268
1.80122 4.18533 22.9634
2.03963 4.2342 22.4264
2.25909 4.30553 21.9148
2.46373 4.39995 21.4276
2.65735 4.51787 20.9646
2.8434 4.65965 20.5256
3.02503 4.82558 20.1108
3.20508 5.01598 19.7205
3.38617 5.23118 19.3554
3.57067 5.47159 19.0163
3.76077 5.73765 18.7046
3.95845 6.02985 18.4216
4.16559 6.34871 18.1691
4.38391 6.69474 17.949
4.61499 7.06842 17.7639
4.86033 7.47013 17.6164
5.12131 7.90011 17.5097
5.39919 8.35835 17.4473
5.69511 8.84453 17.4334
6.01005 9.35787 17.4722
6.34483 9.89701 17.5687
6.70005 10.4599 17.7281
7.07604 11.0435 17.9562
7.47278 11.6438 18.2588
7.88988 12.2553 18.642
8.32642 12.8711 19.1118
8.78089 13.4824 19.6739
9.25104 14.0787 20.3331
9.73381 14.6472 21.0933
10.2251 15.173 21.9566
10.7199 15.6392 22.9225
11.2119 16.0271 23.9878
11.6934 16.3167 25.145
12.1557 16.4874 26.3825
12.5889 16.5191 27.6831
12.9819 16.3938 29.0245
13.3231 16.0969 30.3787
13.6005 15.619 31.7132
13.8023 14.9578 32.9918
13.9179 14.1193 34.1765
13.938 13.1184 35.2303
13.8561 11.9795 36.1192
13.6684 10.7347 36.8159
13.375 9.42233 37.3014
12.9798 8.08403 37.567
12.4902 6.76142 37.6145
11.9173 5.49294 37.4559
11.2749 4.31111 37.1117
10.5785 3.24067 36.6082
9.84471 2.29765 35.9748
9.09001 1.48958 35.2416
8.32996 0.816418 34.4372
7.57861 0.272033 33.5869
6.84795 -0.154099 32.7119
6.14775 -0.475226 31.829
5.48545 -0.705873 30.951
4.86632 -0.860692 30.087
4.29362 -0.953643 29.2428
3.76889 -0.997465 28.422
3.29226 -1.0034 27.6265
2.86269 -0.981064 26.8567
2.47831 -0.938526 26.1125
2.13663 -0.882362 25.3929
1.83473 -0.817834 24.6969
1.56947 -0.749052 24.0233
1.33762 -0.679149 23.3709
1.13594 -0.610438 22.7386
0.961307 -0.544567 22.1253
0.810719 -0.482647 21.5301
0.681383 -0.425368 20.952
0.570708 -0.373091 20.3904
0.476328 -0.325931 19.8445
0.396102 -0.283825 19.3138
0.328109 -0.246581 18.7976
0.27064 -0.213921 18.2956
0.222184 -0.185518 17.8071
0.181414 -0.161016 17.3318
0.147171 -0.140052 16.8694
0.118449 -0.12227 16.4193
0.0943768 -0.10733 15.9813
0.0742061 -0.0949142 15.555
0.057294 -0.0847301 15.1402
0.0430916 -0.0765149 14.7364
0.031131 -0.0700343 14.3434
0.0210144 -0.0650825 13.9609
0.0124048 -0.0614814 13.5886
0.00501614 -0.0590789 13.2262
-0.00139337 -0.057747 12.8735
-0.00702873 -0.0573803 12.5302
-0.0120639 -0.0578939 12.1961
-0.0166469 -0.0592215 11.8708
-0.0209043 -0.0613143 11.5543
-0.0249453 -0.064139 11.2462
-0.0288647 -0.0676769 10.9463
-0.0327459 -0.0719226 10.6544
-0.0366636 -0.0768834 10.3703
-0.0406856 -0.0825782 10.0938
-0.0448748 -0.0890377 9.82469
-0.0492911 -0.0963034 9.56273
-0.0539923 -0.104428 9.30777
-0.0590359 -0.113476 9.05962
-0.06448 -0.123523 8.8181
-0.0703843 -0.134657 8.58303
-0.0768115 -0.146976 8.35425
-0.083828 -0.160597 8.13158
-0.0915049 -0.175646 7.91487
-0.0999191 -0.192269 7.70397
-0.109154 -0.210626 7.49872
-0.119301 -0.230897 7.29899
-0.130461 -0.253285 7.10462
-0.142743 -0.278012 6.91549
-0.15627 -0.305329 6.73148
-0.171176 -0.335512 6.55245
-0.18761 -0.36887 6.37829
-0.205736 -0.405746 6.2089
-0.225737 -0.44652 6.04416
-0.247815 -0.491617 5.88399
-0.272195 -0.541508 5.7283
-0.299126 -0.596715 5.57702
-0.328885 -0.657821 5.43009
-0.361779 -0.725472 5.28745
-0.398148 -0.800387 5.14907
-0.438372 -0.883363 5.01495
-0.482871 -0.97529 4.88509
-0.532113 -1.07715 4.75953
-0.586617 -1.19005 4.63834
