1 0 0
0.9 0.25 0
0.835 0.4725 0.00225
0.79875 0.676506 0.00613538
0.786526 0.86938 0.0113754
0.794811 1.05723 0.0179099
0.821053 1.24522 0.0258353
0.863469 1.43781 0.0353702
0.920904 1.639 0.0468421
0.992713 1.8524 0.0606866
1.07868 2.08145 0.0774573
1.17896 2.32948 0.0978441
1.29401 2.59977 0.122698
1.42459 2.89568 0.153068
1.5717 3.22069 0.190237
1.7366 3.57842 0.235784
1.92078 3.97269 0.291639
2.12597 4.40756 0.360169
2.35413 4.88732 0.444268
2.60745 5.41652 0.547474
2.88835 5.99994 0.674108
3.19951 6.64256 0.829431
3.54382 7.34947 1.01984
3.92438 8.12579 1.2531
4.34452 8.97645 1.53857
4.80772 9.90597 1.88752
5.31754 10.9181 2.31344
5.8776 12.0153 2.83232
6.49137 13.1981 3.46301
7.16203 14.4641 4.22739
7.89224 15.8072 5.15059
8.68374 17.2157 6.26078
9.53694 18.6708 7.5888
10.4503 20.1446 9.16705
11.4198 21.5978 11.0278
12.4376 22.9774 13.2001
13.4915 24.2152 15.7059
14.5639 25.227 18.5541
15.6302 25.9135 21.7334
16.6585 26.1649 25.2041
17.6092 25.8693 28.8907
18.4352 24.9255 32.6757
19.0842 23.2612 36.3994
19.5019 20.8531 39.8679
19.637 17.745 42.8715
19.4478 14.0581 45.2129
18.9089 9.98658 46.7412
18.0166 5.77569 47.3831
16.7925 1.68525 47.1602
15.2818 -2.05285 46.1856
13.5483 -5.26986 44.6402
11.6665 -7.87809 42.7358
9.71206 -9.86846 40.6771
7.75401 -11.2923 38.634
5.84937 -12.2366 36.7281
4.04077 -12.8003 35.0329
2.35667 -13.0777 33.5815
0.813236 -13.1491 32.3778
-0.583 -13.0776 31.4075
-1.83246 -12.9095 30.6462
-2.94017 -12.6769 30.0655
-3.91385 -12.4012 29.6365
-4.76258 -12.0958 29.3315
-5.4959 -11.7685 29.1254
-6.12316 -11.4241 28.9955
-6.65326 -11.0652 28.9218
-7.09445 -10.6936 28.8868
-7.45437 -10.3109 28.8751
-7.74003 -9.91896 28.8737
-7.95792 -9.51995 28.8715
-8.11412 -9.11666 28.8592
-8.21438 -8.71235 28.8293
-8.26417 -8.31067 28.7762
-8.26882 -7.91549 28.6957
-8.23349 -7.53075 28.585
-8.16322 -7.16027 28.4427
-8.06292 -6.80763 28.2688
-7.93739 -6.47599 28.0638
-7.79125 -6.16805 27.8295
-7.62893 -5.88591 27.5679
-7.45463 -5.63115 27.2818
-7.27228 -5.40473 26.9741
-7.08553 -5.20712 26.6478
-6.89769 -5.03829 26.3062
-6.71175 -4.89781 25.9522
-6.53035 -4.78493 25.5889
-6.35581 -4.69862 25.219
-6.19009 -4.63772 24.8451
-6.03485 -4.60093 24.4697
-5.89146 -4.58693 24.0948
-5.76101 -4.59439 23.7225
-5.64435 -4.62204 23.3546
-5.54212 -4.66869 22.9927
-5.45477 -4.73325 22.6383
-5.38262 -4.81475 22.2928
-5.32583 -4.91232 21.9575
-5.28448 -5.02524 21.6336
-5.25856 -5.15288 21.3222
-5.24799 -5.29475 21.0246
-5.25267 -5.45043 20.7418
-5.27244 -5.6196 20.475
-5.30716 -5.80198 20.2253
-5.35664 -5.99736 19.9939
-5.42071 -6.20555 19.7819
-5.4992 -6.42635 19.5908
-5.59191 -6.65955 19.4218
-5.69868 -6.90488 19.2763
-5.8193 -7.16201 19.1557
-5.95357 -7.43049 19.0617
-6.10126 -7.70973 18.9957
-6.26211 -7.99896 18.9596
-6.43579 -8.29723 18.9549
-6.62194 -8.60331 18.9834
-6.82007 -8.91569 19.0469
-7.02964 -9.23254 19.147
-7.24993 -9.55165 19.2855
-7.4801 -9.87044 19.4637
-7.71913 -10.1859 19.683
-7.9658 -10.4944 19.9443
-8.21867 -10.7922 20.2485
-8.47602 -11.0748 20.5955
-8.7359 -11.3374 20.985
-8.99604 -11.5747 21.4158
-9.25391 -11.7814 21.886
-9.50667 -11.9518 22.3926
-9.75118 -12.0802 22.9317
-9.98408 -12.161 23.4981
-10.2018 -12.1894 24.0857
-10.4005 -12.1608 24.6869
-10.5766 -12.0717 25.2934
-10.7261 -11.92 25.8957
-10.8455 -11.7047 26.4837
-10.9314 -11.4267 27.0469
-10.9809 -11.0887 27.5747
-10.9917 -10.6951 28.057
-10.962 -10.2521 28.4844
-10.8911 -9.76766 28.8487
-10.7787 -9.25082 29.1432
-10.6259 -8.71173 29.3631
-10.4345 -8.16099 29.5058
-10.2072 -7.60922 29.5706
-9.94736 -7.0666 29.5587
-9.65928 -6.54246 29.4734
-9.3476 -6.04494 29.3194
-9.01733 -5.58073 29.1026
-8.67367 -5.15498 28.8298
-8.3218 -4.77124 28.5081
-7.96675 -4.43159 28.1449
-7.61323 -4.13673 27.7475
-7.26558 -3.88619 27.3225
-6.92764 -3.67859 26.8762
-6.60274 -3.51182 26.4144
-6.29365 -3.38332 25.9419
-6.00261 -3.29021 25.463
-5.73137 -3.22951 24.9815
-5.48119 -3.19828 24.5004
-5.2529 -3.19368 24.0224
-5.04697 -3.21309 23.5495
-4.86359 -3.25417 23.0837
-4.70264 -3.31483 22.6264
-4.56386 -3.3933 22.1789
-4.44681 -3.48812 21.7424
-4.35094 -3.5981 21.3177
-4.27565 -3.72233 20.9058
-4.22032 -3.86016 20.5074
-4.1843 -4.01116 20.1235
-4.16699 -4.1751 19.7547
-4.1678 -4.35192 19.4019
-4.18621 -4.54172 19.0659
-4.22176 -4.74472 18.7476
-4.27406 -4.96123 18.4479
-4.34278 -5.19166 18.168
-4.42767 -5.43644 17.909
-4.52854 -5.69604 17.6722
-4.64529 -5.97092 17.4588
-4.77786 -6.26152 17.2706
-4.92622 -6.56821 17.1093
-5.09042 -6.89124 16.9766
-5.2705 -7.23075 16.8747
-5.46653 -7.58669 16.8058
-5.67854 -7.95876 16.7723
-5.90657 -8.34639 16.777
-6.15055 -8.74862 16.8226
-6.41036 -9.16409 16.9121
-6.68573 -9.59091 17.0486
-6.97625 -10.0266 17.2352
-7.28128 -10.468 17.475
-7.59996 -10.9113 17.7712
-7.93109 -11.3515 18.1266
-8.27314 -11.7832 18.5435
-8.62414 -12.1995 19.0239
-8.98167 -12.5929 19.5687
-9.34279 -12.9548 20.1779
-9.70399 -13.2757 20.8501
-10.0612 -13.5457 21.5824
-10.4096 -13.7541 22.3697
-10.7441 -13.8903 23.205
-11.0587 -13.9443 24.0786
-11.3473 -13.9068 24.9785
-11.6032 -13.7701 25.8905
-11.8199 -13.5291 26.7978
-11.9908 -13.1813 27.6823
-12.1099 -12.7279 28.5247
-12.1717 -12.1738 29.3054
-12.1719 -11.528 30.0056
-12.1075 -10.8034 30.6087
-11.9771 -10.0163 31.1004
-11.781 -9.1855 31.4708
-11.5215 -8.33133 31.7137
-11.2024 -7.4745 31.8279
-10.8296 -6.63486 31.8165
-10.4102 -5.83032 31.6866
-9.95218 -5.07593 31.4485
-9.46456 -4.3834 31.1151
-8.95644 -3.76081 30.7002
-8.43688 -3.21266 30.2184
-7.91446 -2.74027 29.6836
-7.39704 -2.34219 29.1089
-6.89155 -2.01483 28.5059
-6.40388 -1.75307 27.8846
-5.9388 -1.55081 27.2533
-5.5 -1.40148 26.6186
-5.09015 -1.29844 25.9859
-4.71098 -1.23528 25.359
-4.36341 -1.20601 24.741
-4.04767 -1.20525 24.1338
-3.76343 -1.22826 23.5391
-3.50991 -1.27096 22.9576
-3.28601 -1.32994 22.39
-3.09041 -1.4024 21.8366
-2.92161 -1.48614 21.2976
-2.77806 -1.57945 20.7731
-2.6582 -1.68108 20.2631
-2.56049 -1.79018 19.7674
-2.48346 -1.90626 19.2861
-2.42574 -2.0291 18.8191
-2.38607 -2.15874 18.3665
-2.36334 -2.29543 17.9283
-2.35655 -2.43961 17.5044
-2.36486 -2.59185 17.0951
-2.38756 -2.75287 16.7005
-2.42409 -2.9235 16.3209
-2.47403 -3.10465 15.9566
-2.53709 -3.29734 15.6079
-2.61311 -3.50265 15.2753
-2.70207 -3.72174 14.9595
-2.80404 -3.95583 14.6611
-2.91922 -4.20617 14.3811
-3.04791 -4.4741 14.1204
-3.19053 -4.76096 13.8802
-3.34757 -5.06813 13.662
-3.51963 -5.397 13.4673
-3.70737 -5.74894 13.2981
-3.91152 -6.12528 13.1567
-4.1329 -6.52728 13.0454
-4.37234 -6.95608 12.9673
-4.63071 -7.41263 12.9256
-4.9089 -7.89763 12.9242
-5.20778 -8.41144 12.9673
-5.52814 -8.95396 13.0595
-5.87072 -9.52451 13.2063
-6.2361 -10.1216 13.4132
-6.62466 -10.743 13.6868
-7.03649 -11.385 14.0335
-7.47134 -12.0428 14.4603
-7.92849 -12.7099 14.9745
-8.40663 -13.3776 15.5829
-8.90373 -14.0355 16.2919
-9.41691 -14.6705 17.1072
-9.94227 -15.2671 18.0325
-10.4747 -15.8071 19.0695
-11.008 -16.2703 20.2167
-11.5342 -16.6341 21.4687
-12.0442 -16.8751 22.8148
-12.5273 -16.9695 24.2388
-12.9715 -16.8952 25.7183
-13.3639 -16.633 27.224
-13.6908 -16.1695 28.7209
-13.9387 -15.4984 30.1687
-14.0946 -14.6229 31.5245
-14.1475 -13.5571 32.7449
-14.0884 -12.3258 33.7897
-13.9122 -10.9643 34.6251
-13.6174 -9.51554 35.2272
-13.2072 -8.02772 35.5835
-12.6892 -6.54965 35.6949
-12.0753 -5.12706 35.5741
-11.3805 -3.79893 35.2446
-10.6223 -2.59506 34.7371
-9.81959 -1.53481 34.0864
-8.99111 -0.627218 33.3281
-8.15472 0.127846 32.4958
-7.32646 0.737827 31.6188
-6.52003 1.21537 30.7216
-5.74649 1.57627 29.8231
-5.01422 1.83766 28.9372
-4.32903 2.01671 28.0734
-3.69446 2.12959 27.2375
-3.11205 2.19096 26.4325
-2.58175 2.21363 25.6594
-2.10221 2.20852 24.918
-1.67114 2.18471 24.2071
-1.28555 2.14961 23.5251
-0.942038 2.10915 22.8701
-0.636919 2.068 22.2404
-0.366427 2.02974 21.6341
-0.12681 1.99711 21.0498
0.0855816 1.97213 20.4859
0.274236 1.95627 19.9413
0.44244 1.95058 19.4149
0.593254 1.95579 18.9058
0.729507 1.97238 18.4133
0.853795 2.00071 17.9366
0.968486 2.04101 17.4754
1.07574 2.09347 17.0292
1.17751 2.15828 16.5976
1.27559 2.23564 16.1804
1.37159 2.32579 15.7774
1.46701 2.42903 15.3886
1.56322 2.54574 15.0139
1.66147 2.67638 14.6533
1.76296 2.82153 14.307
1.86882 2.98182 13.9752
1.98012 3.15804 13.6583
2.09791 3.35104 13.3566
2.22322 3.5618 13.0707
2.35708 3.79139 12.8013
2.50051 4.04101 12.5493
2.65456 4.31193 12.3157
2.8203 4.60552 12.1018
2.99882 4.92323 11.909
3.19126 5.26658 11.739
3.39879 5.63711 11.5941
3.62262 6.03637 11.4765
3.864 6.46592 11.3891
4.12419 6.92718 11.3352
4.40449 7.42147 11.3187
4.70619 7.94985 11.3437
5.03055 8.51304 11.4153
5.3788 9.1113 11.5392
5.75205 9.74421 11.7216
6.15127 10.4106 11.9695
6.5772 11.108 12.2907
7.03028 11.8328 12.6935
7.51053 12.5797 13.1869
8.01745 13.3411 13.78
8.54981 14.1073 14.4822
9.10556 14.8654 15.3022
9.68155 15.5998 16.2477
10.2734 16.2912 17.3247
10.8752 16.9168 18.5364
11.4793 17.4505 19.8818
12.0764 17.8636 21.3548
12.6552 18.1251 22.9426
13.2022 18.2043 24.6246
13.7024 18.0718 26.3713
14.1393 17.7032 28.1443
14.4957 17.0815 29.8969
14.7543 16.2009 31.5757
14.8989 15.0687 33.1241
14.9159 13.7076 34.4858
14.7951 12.1556 35.6108
14.5311 10.4642 36.4596
14.1244 8.69433 37.0079
13.5814 6.91134 37.2491
12.9144 5.17862 37.1944
12.1408 3.552 36.8714
11.282 2.07519 36.3194
10.3613 0.777397 35.585
9.40289 -0.327116 34.7166
8.42989 -1.23748 33.7601
7.46315 -1.96357 32.7555
6.52048 -2.52274 31.7354
5.61616 -2.9367 30.7247
4.76087 -3.22884 29.7404
3.9619 -3.42223 28.7936
3.22349 -3.53831 27.8902
2.54731 -3.59609 27.0324
1.93297 -3.6119 26.2199
1.37848 -3.59936 25.4509
0.880697 -3.56959 24.7226
0.435669 -3.53145 24.0319
0.0389571 -3.49192 23.3757
-0.31413 -3.45636 22.751
-0.628354 -3.42886 22.1551
-0.908405 -3.41245 21.5859
-1.15881 -3.40934 21.0412
-1.38386 -3.42112 20.5197
-1.58759 -3.44891 20.0198
-1.77372 -3.49349 19.5407
-1.9457 -3.55539 19.0816
-2.10667 -3.63499 18.6419
-2.2595 -3.73258 18.2214
-2.40681 -3.84842 17.8198
-2.55097 -3.98275 17.4372
-2.69415 -4.13584 17.0738
-2.83832 -4.30803 16.73
-2.98529 -4.49968 16.4061
-3.13673 -4.71123 16.1029
-3.29418 -4.9432 15.8213
-3.45908 -5.19613 15.5622
-3.63278 -5.47063 15.327
-3.81657 -5.76732 15.117
-4.01164 -6.08684 14.934
-4.21916 -6.42978 14.7799
-4.44022 -6.79668 14.6571
-4.67587 -7.18797 14.568
-4.92708 -7.60387 14.5156
-5.19476 -8.04441 14.5032
-5.47972 -8.50924 14.5343
-5.78268 -8.99764 14.613
-6.10417 -9.50831 14.7437
-6.44459 -10.0393 14.9309
-6.80406 -10.5878 15.1797
-7.18243 -11.1501 15.4953
-7.5792 -11.7213 15.883
-7.99341 -12.2951 16.3478
-8.42357 -12.8637 16.8947
-8.86758 -13.4178 17.5277
-9.32261 -13.9463 18.2502
-9.78497 -14.4361 19.0636
-10.2501 -14.8726 19.9678
-10.7123 -15.2396 20.9598
-11.1651 -15.52 22.0334
-11.6006 -15.6961 23.1787
-12.0101 -15.7504 24.3814
-12.3841 -15.6672 25.6229
-12.7124 -15.4334 26.8798
-12.9845 -15.0401 28.125
-13.1901 -14.4839 29.3279
-13.3195 -13.7682 30.4563
-13.3643 -12.9038 31.4779
-13.3183 -11.909 32.363
-13.1774 -10.8093 33.0861
-12.9405 -9.63566 33.6282
-12.6101 -8.42277 33.9783
-12.1913 -7.20637 34.1344
-11.6928 -6.0207 34.1027
-11.1256 -4.89614 33.8972
-10.5027 -3.8573 33.538
-9.83814 -2.92201 33.0488
-9.14652 -2.10093 32.455
-8.44196 -1.39805 31.7817
-7.73757 -0.811565 31.0522
-7.04497 -0.335157 30.2869
-6.37399 0.0406575 29.5029
-5.73253 0.327265 28.7136
-5.12655 0.536873 27.9291
-4.5602 0.681665 27.1568
-4.03602 0.773203 26.4015
-3.5551 0.822037 25.6663
-3.11738 0.837504 24.9526
-2.72189 0.827652 24.2611
-2.36694 0.799264 23.5916
-2.05032 0.757936 22.9436
-1.76949 0.708194 22.3162
-1.52172 0.653623 21.7086
-1.30419 0.597001 21.1198
-1.11407 0.540425 20.5488
-0.948621 0.485431 19.9948
-0.805216 0.433096 19.457
-0.681385 0.384132 18.9346
-0.574833 0.338962 18.4271
-0.483454 0.297789 17.9338
-0.405329 0.260649 17.4541
-0.338732 0.227457 16.9876
-0.282113 0.198042 16.5338
-0.234097 0.172177 16.0924
-0.19347 0.149603 15.6628
-0.159162 0.130042 15.2449
-0.130242 0.113216 14.8381
-0.105896 0.0988483 14.4423
-0.0854218 0.0866796 14.0571
-0.0682116 0.0764652 13.6821
-0.0537439 0.0679804 13.3172
-0.0415715 0.0610218 12.9621
-0.0313122 0.0554073 12.6164
-0.0226402 0.0509756 12.2799
-0.0152786 0.047586 11.9525
-0.00899218 0.0451167 11.6337
-0.00358129 0.0434636 11.3235
0.0011232 0.0425391 11.0215
0.00526479 0.0422708 10.7276
0.00896539 0.0425995 10.4415
0.0123288 0.0434787 10.1631
0.0154438 0.0448731 9.89209
0.0183867 0.0467576 9.62831
0.0212238 0.0491164 9.37157
0.0240131 0.0519422 9.12167
0.026806 0.0552356 8.87844
0.0296489 0.0590048 8.64169
0.0325845 0.0632648 8.41126
0.0356526 0.0680376 8.18698
0.0388911 0.0733514 7.96869
0.0423371 0.0792416 7.75622
0.0460275 0.0857497 7.54942
0.0499998 0.0929243 7.34814
0.0542922 0.100821 7.15224
0.0589451 0.109503 6.96157
0.0640008 0.11904 6.77599
0.0695048 0.129514 6.59537
