0 0
0.1 0.01
0.191183 0.0288171
0.266508 0.0634924
0.322053 0.117947
0.357714 0.192286
0.377221 0.282779
0.387477 0.382523
0.397247 0.482753
0.415394 0.574606
0.449095 0.650905
0.502459 0.707541
0.575801 0.744199
0.665584 0.764416
0.765048 0.774952
0.865483 0.784517
0.957984 0.802016
1.03525 0.834754
1.09297 0.887028
1.13064 0.959363
1.15158 1.04842
1.16242 1.14758
1.17181 1.24819
1.18868 1.34132
1.22047 1.41953
1.27166 1.47834
1.34297 1.51703
1.43128 1.53872
1.53011 1.54989
1.63087 1.55913
1.72461 1.57539
1.80376 1.60624
1.86366 1.65634
1.90337 1.72663
1.92583 1.81417
1.93736 1.91264
1.94646 2.01354
1.96214 2.10786
1.99207 2.18793
2.04108 2.24892
2.11034 2.28966
2.1971 2.3129
2.29519 2.32481
2.39618 2.33382
2.49107 2.34893
2.57205 2.37795
2.63411 2.42589
2.6759 2.4941
2.69995 2.58005
2.71226 2.67774
2.72119 2.77881
2.73577 2.87423
2.76388 2.95612
2.81075 3.01925
2.87791 3.06209
2.96305 3.08695
3.0603 3.0997
3.16142 3.10858
3.25736 3.12264
3.34013 3.14987
3.40434 3.19566
3.44822 3.26178
3.47393 3.34607
3.48712 3.44288
3.49598 3.54402
3.50955 3.64045
3.53592 3.72408
3.58064 3.78936
3.64569 3.83431
3.72913 3.86087
3.82546 3.87454
3.9266 3.8834
4.02351 3.89649
4.10798 3.92202
4.17432 3.96568
4.22034 4.02966
4.24777 4.11223
4.26194 4.20806
4.27083 4.30917
4.28347 4.40653
4.30816 4.49184
4.35077 4.55923
4.41368 4.60632
4.49537 4.63463
4.59068 4.64932
4.69173 4.65827
4.78951 4.67049
4.87564 4.69436
4.94408 4.73592
4.99225 4.79775
5.02145 4.87855
5.03669 4.97331
5.04571 5.07429
5.05754 5.17246
5.08062 5.25938
5.12113 5.32887
5.18188 5.37812
5.26176 5.40824
5.35596 5.42404
5.45683 5.43317
5.55538 5.44462
5.64308 5.46692
5.7136 5.5064
5.76393 5.56607
5.79498 5.64502
5.81137 5.73863
5.82064 5.83936
5.83174 5.93826
5.85327 6.02673
5.89173 6.09827
5.95031 6.14969
6.02832 6.18168
6.12132 6.19868
6.22189 6.20811
6.32112 6.21888
6.41033 6.23967
6.48288 6.27712
6.53539 6.33461
6.56834 6.41166
6.58597 6.50403
6.59558 6.60442
6.60605 6.70395
6.62612 6.79388
6.66256 6.86744
6.71896 6.92104
6.79505 6.95495
6.88676 6.97324
6.98694 6.98306
7.08675 6.99325
7.17739 7.01261
7.25194 7.04806
7.30663 7.10337
7.34152 7.17848
7.36048 7.26952
7.37053 7.36947
7.38048 7.46952
7.39915 7.56085
7.43362 7.63638
7.48784 7.69216
7.56196 7.72804
7.65231 7.74769
7.75199 7.75801
7.85227 7.76773
7.94426 7.78574
8.02077 7.81923
8.07764 7.87236
8.11451 7.94549
8.13488 8.03512
8.14548 8.13452
8.15501 8.23499
8.17237 8.32763
8.2049 8.4051
8.25694 8.46306
8.32906 8.50094
8.41796 8.52204
8.51704 8.53296
8.61769 8.54231
8.71095 8.55905
8.78937 8.59063
8.84842 8.64158
8.88732 8.71268
8.90917 8.80083
8.92042 8.89958
8.92963 9.00037
8.94576 9.09424
8.97641 9.17359
9.02628 9.23372
9.09635 9.27365
9.18372 9.29628
9.28212 9.30788
9.38303 9.31697
9.47748 9.33252
9.55775 9.36225
9.61896 9.41104
9.65993 9.48007
9.68334 9.56666
9.69534 9.66466
9.70432 9.76568
9.71932 9.86068
9.74815 9.94185
9.79585 10.0041
9.86384 10.0462
9.94962 10.0704
10.0472 10.0828
10.1483 10.0917
10.2438 10.1062
10.3259 10.1341
10.3893 10.1807
10.4323 10.2477
10.4574 10.3326
10.4702 10.4298
10.4791 10.5309
10.493 10.627
10.5201 10.7099
10.5657 10.7743
10.6315 10.8185
10.7157 10.8443
10.8124 10.8576
10.9135 10.8665
11.01 10.88
11.0939 10.9061
