0 0
0.09 0
0.171183 0.00881709
0.236508 0.0334924
0.282053 0.0779469
0.307714 0.142286
0.317221 0.222779
0.317477 0.312523
0.317247 0.402753
0.325394 0.484606
0.349095 0.550905
0.392459 0.597541
0.455801 0.624199
0.535584 0.634416
0.625048 0.634952
0.715483 0.634517
0.797984 0.642016
0.865246 0.664754
0.912972 0.707028
0.940637 0.769363
0.951582 0.848418
0.952425 0.937575
0.951811 1.02819
0.958682 1.11132
0.980469 1.17953
1.02166 1.22834
1.08297 1.25703
1.16128 1.26872
1.25011 1.26989
1.34087 1.26913
1.42461 1.27539
1.49376 1.29624
1.54366 1.33634
1.57337 1.39663
1.58583 1.47417
1.58736 1.56264
1.58646 1.65354
1.59214 1.73786
1.61207 1.80793
1.65108 1.85892
1.71034 1.88966
1.7871 1.9029
1.87519 1.90481
1.96618 1.90382
2.05107 1.90893
2.12205 1.92795
2.17411 1.96589
2.2059 2.0241
2.21995 2.10005
2.22226 2.18774
2.22119 2.27881
2.22577 2.36423
2.24388 2.43612
2.28075 2.48925
2.33791 2.52209
2.41305 2.53695
2.5003 2.5397
2.59142 2.53858
2.67736 2.54264
2.75013 2.55987
2.80434 2.59566
2.83822 2.65178
2.85393 2.72607
2.85712 2.81288
2.85598 2.90402
2.85955 2.99045
2.87592 3.06408
2.91064 3.11936
2.96569 3.15431
3.03913 3.17087
3.12546 3.17454
3.2166 3.1734
3.30351 3.17649
3.37798 3.19202
3.43432 3.22568
3.47034 3.27966
3.48777 3.35223
3.49194 3.43806
3.49083 3.52917
3.49347 3.61653
3.50816 3.69184
3.54077 3.74923
3.59368 3.78632
3.66537 3.80463
3.75068 3.80932
3.84173 3.80827
3.92951 3.81049
4.00564 3.82436
4.06408 3.85592
4.10225 3.90775
4.12145 3.97855
4.12669 4.06331
4.12571 4.15429
4.12754 4.24246
4.14062 4.31938
4.17113 4.37887
4.22188 4.41812
4.29176 4.43824
4.37596 4.44404
4.46683 4.44317
4.55538 4.44462
4.63308 4.45692
4.6936 4.4864
4.73393 4.53607
4.75498 4.60502
4.76137 4.68863
4.76064 4.77936
4.76174 4.86826
4.77327 4.94673
4.80173 5.00827
4.85031 5.04969
4.91832 5.07168
5.00132 5.07868
5.09189 5.07811
5.18112 5.07888
5.26033 5.08967
5.32288 5.11712
5.36539 5.16461
5.38834 5.23166
5.39597 5.31403
5.39558 5.40442
5.39605 5.49395
5.40612 5.57388
5.43256 5.63744
5.47896 5.68104
5.54505 5.70495
5.62676 5.71324
5.71694 5.71306
5.80675 5.71325
5.88739 5.72261
5.95194 5.74806
5.99663 5.79337
6.02152 5.85848
6.03048 5.93952
6.03053 6.02947
6.03048 6.11952
6.03915 6.20085
6.06362 6.26638
6.10784 6.31216
6.17196 6.33804
6.25231 6.34769
6.34199 6.34801
6.43227 6.34773
6.51426 6.35574
6.58077 6.37923
6.62764 6.42236
6.65451 6.48549
6.66488 6.56512
6.66548 6.65452
6.66501 6.74499
6.67237 6.82763
6.6949 6.8951
6.73694 6.94306
6.79906 6.97094
6.87796 6.98204
6.96704 6.98296
7.05769 6.98231
7.14095 6.98905
7.20937 7.01063
7.25842 7.05158
7.28732 7.11268
7.29917 7.19083
7.30042 7.27958
7.29963 7.37037
7.30576 7.45424
7.32641 7.52359
7.36628 7.57372
7.42635 7.60365
7.50372 7.61628
7.59212 7.61788
7.68303 7.61697
7.76748 7.62252
7.83775 7.64225
7.88896 7.68104
7.91993 7.74007
7.93334 7.81666
7.93534 7.90466
7.93432 7.99568
7.93932 8.08068
7.95815 8.15185
7.99585 8.20415
8.05384 8.23616
8.12962 8.25038
8.21722 8.25278
8.3083 8.2517
8.39384 8.25616
8.46591 8.27409
8.51928 8.31072
8.55234 8.36766
8.56738 8.44262
8.57022 8.52978
8.56909 8.62091
8.57304 8.70696
8.59009 8.77991
8.62565 8.83435
8.68154 8.86846
8.75565 8.88435
8.84236 8.88764
8.9335 8.8865
9.02004 8.88996
9.09385 8.90615
